-5 0.0209239 -0.0292188
-4.995 0.0206398 -0.0288959
-4.99 0.0203525 -0.0285652
-4.985 0.020062 -0.0282267
-4.98 0.0197684 -0.0278805
-4.975 0.0194716 -0.0275266
-4.97 0.0191716 -0.0271651
-4.965 0.0188686 -0.026796
-4.96 0.0185624 -0.0264193
-4.955 0.0182531 -0.0260352
-4.95 0.0179408 -0.0256437
-4.945 0.0176255 -0.0252449
-4.94 0.0173071 -0.0248387
-4.935 0.0169857 -0.0244254
-4.93 0.0166613 -0.0240048
-4.925 0.0163339 -0.0235772
-4.92 0.0160036 -0.0231425
-4.915 0.0156704 -0.0227008
-4.91 0.0153342 -0.0222523
-4.905 0.0149952 -0.0217969
-4.9 0.0146533 -0.0213348
-4.895 0.0143086 -0.0208661
-4.89 0.013961 -0.0203907
-4.885 0.0136107 -0.0199089
-4.88 0.0132576 -0.0194206
-4.875 0.0129017 -0.0189259
-4.87 0.0125431 -0.0184251
-4.865 0.0121819 -0.017918
-4.86 0.0118179 -0.0174049
-4.855 0.0114513 -0.0168857
-4.85 0.0110821 -0.0163607
-4.845 0.0107103 -0.0158299
-4.84 0.0103359 -0.0152934
-4.835 0.00995896 -0.0147512
-4.83 0.00957951 -0.0142036
-4.825 0.00919757 -0.0136505
-4.82 0.00881317 -0.0130922
-4.815 0.00842634 -0.0125286
-4.81 0.0080371 -0.0119599
-4.805 0.00764549 -0.0113863
-4.8 0.00725153 -0.0108077
-4.795 0.00685525 -0.0102244
-4.79 0.00645668 -0.00963641
-4.785 0.00605586 -0.00904387
-4.78 0.0056528 -0.0084469
-4.775 0.00524755 -0.00784561
-4.77 0.00484014 -0.00724012
-4.765 0.00443058 -0.00663055
-4.76 0.00401893 -0.006017
-4.755 0.0036052 -0.00539962
-4.75 0.00318944 -0.00477852
-4.745 0.00277167 -0.00415382
-4.74 0.00235192 -0.00352564
-4.735 0.00193024 -0.00289412
-4.73 0.00150665 -0.00225939
-4.725 0.00108119 -0.00162157
-4.72 0.000653887 -0.000980784
-4.715 0.000224784 -0.000337175
-4.71 -0.000206087 0.000309129
-4.705 -0.000638692 0.000957994
-4.7 -0.00107299 0.00160928
-4.695 -0.00150896 0.00226287
-4.69 -0.00194655 0.0029186
-4.685 -0.00238573 0.00357635
-4.68 -0.00282646 0.00423598
-4.675 -0.0032687 0.00489735
-4.67 -0.00371243 0.00556031
-4.665 -0.0041576 0.00622472
-4.66 -0.00460416 0.00689045
-4.655 -0.0050521 0.00755735
-4.65 -0.00550136 0.00822527
-4.645 -0.0059519 0.00889406
-4.64 -0.0064037 0.0095636
-4.635 -0.0068567 0.0102337
-4.63 -0.00731087 0.0109043
-4.625 -0.00776617 0.0115751
-4.62 -0.00822256 0.0122461
-4.615 -0.00868 0.0129171
-4.61 -0.00913845 0.0135879
-4.605 -0.00959787 0.0142584
-4.6 -0.0100582 0.0149285
-4.595 -0.0105194 0.0155979
-4.59 -0.0109815 0.0162666
-4.585 -0.0114444 0.0169343
-4.58 -0.011908 0.017601
-4.575 -0.0123723 0.0182665
-4.57 -0.0128374 0.0189306
-4.565 -0.013303 0.0195931
-4.56 -0.0137692 0.020254
-4.555 -0.014236 0.020913
-4.55 -0.0147033 0.0215701
-4.545 -0.015171 0.0222249
-4.54 -0.0156392 0.0228775
-4.535 -0.0161077 0.0235276
-4.53 -0.0165765 0.0241751
-4.525 -0.0170456 0.0248198
-4.52 -0.017515 0.0254616
-4.515 -0.0179845 0.0261003
-4.51 -0.0184542 0.0267357
-4.505 -0.018924 0.0273678
-4.5 -0.0193938 0.0279963
-4.495 -0.0198636 0.028621
-4.49 -0.0203334 0.029242
-4.485 -0.0208031 0.0298589
-4.48 -0.0212727 0.0304716
-4.475 -0.0217421 0.03108
-4.47 -0.0222112 0.0316839
-4.465 -0.0226801 0.0322831
-4.46 -0.0231487 0.0328776
-4.455 -0.0236169 0.0334671
-4.45 -0.0240846 0.0340515
-4.445 -0.024552 0.0346307
-4.44 -0.0250187 0.0352044
-4.435 -0.025485 0.0357726
-4.43 -0.0259506 0.0363351
-4.425 -0.0264155 0.0368917
-4.42 -0.0268798 0.0374423
-4.415 -0.0273433 0.0379868
-4.41 -0.027806 0.0385249
-4.405 -0.0282678 0.0390566
-4.4 -0.0287287 0.0395817
-4.395 -0.0291887 0.0401001
-4.39 -0.0296477 0.0406115
-4.385 -0.0301056 0.0411159
-4.38 -0.0305624 0.0416132
-4.375 -0.0310181 0.0421031
-4.37 -0.0314726 0.0425855
-4.365 -0.0319258 0.0430604
-4.36 -0.0323777 0.0435275
-4.355 -0.0328283 0.0439867
-4.35 -0.0332774 0.0444379
-4.345 -0.0337251 0.0448809
-4.34 -0.0341713 0.0453156
-4.335 -0.034616 0.0457419
-4.33 -0.035059 0.0461597
-4.325 -0.0355004 0.0465687
-4.32 -0.0359401 0.046969
-4.315 -0.036378 0.0473603
-4.31 -0.0368141 0.0477425
-4.305 -0.0372484 0.0481155
-4.3 -0.0376807 0.0484792
-4.295 -0.0381111 0.0488335
-4.29 -0.0385395 0.0491781
-4.285 -0.0389658 0.0495131
-4.28 -0.03939 0.0498383
-4.275 -0.039812 0.0501536
-4.27 -0.0402318 0.0504588
-4.265 -0.0406493 0.0507539
-4.26 -0.0410646 0.0510387
-4.255 -0.0414774 0.0513131
-4.25 -0.0418878 0.051577
-4.245 -0.0422958 0.0518304
-4.24 -0.0427012 0.0520731
-4.235 -0.0431041 0.052305
-4.23 -0.0435043 0.052526
-4.225 -0.0439018 0.052736
-4.22 -0.0442967 0.0529349
-4.215 -0.0446887 0.0531226
-4.21 -0.0450779 0.053299
-4.205 -0.0454642 0.0534641
-4.2 -0.0458476 0.0536177
-4.195 -0.046228 0.0537598
-4.19 -0.0466053 0.0538903
-4.185 -0.0469796 0.054009
-4.18 -0.0473507 0.054116
-4.175 -0.0477186 0.0542111
-4.17 -0.0480833 0.0542943
-4.165 -0.0484447 0.0543654
-4.16 -0.0488028 0.0544245
-4.155 -0.0491575 0.0544714
-4.15 -0.0495087 0.0545061
-4.145 -0.0498564 0.0545285
-4.14 -0.0502006 0.0545385
-4.135 -0.0505412 0.0545362
-4.13 -0.0508781 0.0545214
-4.125 -0.0512113 0.0544941
-4.12 -0.0515408 0.0544542
-4.115 -0.0518665 0.0544017
-4.11 -0.0521884 0.0543365
-4.105 -0.0525063 0.0542586
-4.1 -0.0528204 0.054168
-4.095 -0.0531304 0.0540646
-4.09 -0.0534364 0.0539484
-4.085 -0.0537382 0.0538193
-4.08 -0.054036 0.0536774
-4.075 -0.0543295 0.0535225
-4.07 -0.0546189 0.0533547
-4.065 -0.0549039 0.0531739
-4.06 -0.0551846 0.0529801
-4.055 -0.0554609 0.0527733
-4.05 -0.0557328 0.0525535
-4.045 -0.0560002 0.0523207
-4.04 -0.0562631 0.0520749
-4.035 -0.0565214 0.051816
-4.03 -0.0567751 0.051544
-4.025 -0.0570241 0.051259
-4.02 -0.0572684 0.050961
-4.015 -0.0575079 0.0506499
-4.01 -0.0577427 0.0503258
-4.005 -0.0579726 0.0499886
-4 -0.0581975 0.0496385
-3.995 -0.0584176 0.0492753
-3.99 -0.0586326 0.0488992
-3.985 -0.0588427 0.0485101
-3.98 -0.0590476 0.0481081
-3.975 -0.0592474 0.0476933
-3.97 -0.0594421 0.0472655
-3.965 -0.0596315 0.0468249
-3.96 -0.0598157 0.0463715
-3.955 -0.0599946 0.0459054
-3.95 -0.0601681 0.0454265
-3.945 -0.0603363 0.044935
-3.94 -0.060499 0.0444309
-3.935 -0.0606563 0.0439142
-3.93 -0.060808 0.043385
-3.925 -0.0609542 0.0428433
-3.92 -0.0610948 0.0422892
-3.915 -0.0612298 0.0417229
-3.91 -0.0613591 0.0411442
-3.905 -0.0614826 0.0405534
-3.9 -0.0616005 0.0399504
-3.895 -0.0617125 0.0393354
-3.89 -0.0618186 0.0387085
-3.885 -0.061919 0.0380696
-3.88 -0.0620133 0.037419
-3.875 -0.0621018 0.0367566
-3.87 -0.0621842 0.0360827
-3.865 -0.0622606 0.0353972
-3.86 -0.062331 0.0347003
-3.855 -0.0623952 0.033992
-3.85 -0.0624534 0.0332726
-3.845 -0.0625053 0.032542
-3.84 -0.062551 0.0318004
-3.835 -0.0625905 0.0310479
-3.83 -0.0626237 0.0302846
-3.825 -0.0626506 0.0295106
-3.82 -0.0626711 0.0287261
-3.815 -0.0626853 0.0279312
-3.81 -0.062693 0.027126
-3.805 -0.0626943 0.0263106
-3.8 -0.0626891 0.0254852
-3.795 -0.0626774 0.0246498
-3.79 -0.0626591 0.0238047
-3.785 -0.0626343 0.02295
-3.78 -0.0626029 0.0220858
-3.775 -0.0625648 0.0212122
-3.77 -0.0625201 0.0203295
-3.765 -0.0624686 0.0194377
-3.76 -0.0624105 0.018537
-3.755 -0.0623456 0.0176276
-3.75 -0.0622739 0.0167097
-3.745 -0.0621954 0.0157833
-3.74 -0.06211 0.0148487
-3.735 -0.0620178 0.013906
-3.73 -0.0619187 0.0129554
-3.725 -0.0618127 0.0119971
-3.72 -0.0616998 0.0110312
-3.715 -0.0615799 0.010058
-3.71 -0.061453 0.00907751
-3.705 -0.0613191 0.00809003
-3.7 -0.0611782 0.00709571
-3.695 -0.0610302 0.00609475
-3.69 -0.0608752 0.00508734
-3.685 -0.0607131 0.00407366
-3.68 -0.0605438 0.0030539
-3.675 -0.0603674 0.00202828
-3.67 -0.0601838 0.000996981
-3.665 -0.0599931 -3.9792e-05
-3.66 -0.0597952 -0.00108183
-3.655 -0.05959 -0.00212894
-3.65 -0.0593777 -0.00318091
-3.645 -0.0591581 -0.00423752
-3.64 -0.0589312 -0.00529856
-3.635 -0.058697 -0.00636383
-3.63 -0.0584556 -0.0074331
-3.625 -0.0582068 -0.00850615
-3.62 -0.0579508 -0.00958278
-3.615 -0.0576873 -0.0106627
-3.61 -0.0574166 -0.0117458
-3.605 -0.0571385 -0.0128318
-3.6 -0.056853 -0.0139205
-3.595 -0.0565601 -0.0150116
-3.59 -0.0562599 -0.0161049
-3.585 -0.0559522 -0.0172002
-3.58 -0.0556372 -0.0182972
-3.575 -0.0553147 -0.0193957
-3.57 -0.0549848 -0.0204955
-3.565 -0.0546475 -0.0215963
-3.56 -0.0543027 -0.0226979
-3.555 -0.0539505 -0.0238001
-3.55 -0.0535908 -0.0249026
-3.545 -0.0532237 -0.0260051
-3.54 -0.0528491 -0.0271074
-3.535 -0.0524671 -0.0282093
-3.53 -0.0520776 -0.0293106
-3.525 -0.0516806 -0.0304109
-3.52 -0.0512762 -0.03151
-3.515 -0.0508643 -0.0326077
-3.51 -0.050445 -0.0337037
-3.505 -0.0500182 -0.0347977
-3.5 -0.0495839 -0.0358896
-3.495 -0.0491422 -0.036979
-3.49 -0.048693 -0.0380657
-3.485 -0.0482363 -0.0391495
-3.48 -0.0477722 -0.04023
-3.475 -0.0473007 -0.041307
-3.47 -0.0468217 -0.0423804
-3.465 -0.0463353 -0.0434497
-3.46 -0.0458415 -0.0445147
-3.455 -0.0453403 -0.0455753
-3.45 -0.0448316 -0.0466311
-3.445 -0.0443156 -0.0476818
-3.44 -0.0437921 -0.0487272
-3.435 -0.0432613 -0.0497671
-3.43 -0.0427232 -0.0508011
-3.425 -0.0421776 -0.0518291
-3.42 -0.0416248 -0.0528507
-3.415 -0.0410646 -0.0538656
-3.41 -0.0404971 -0.0548737
-3.405 -0.0399223 -0.0558747
-3.4 -0.0393402 -0.0568683
-3.395 -0.0387509 -0.0578542
-3.39 -0.0381543 -0.0588322
-3.385 -0.0375505 -0.059802
-3.38 -0.0369395 -0.0607633
-3.375 -0.0363213 -0.0617159
-3.37 -0.035696 -0.0626596
-3.365 -0.0350635 -0.063594
-3.36 -0.0344239 -0.064519
-3.355 -0.0337771 -0.0654342
-3.35 -0.0331233 -0.0663394
-3.345 -0.0324625 -0.0672343
-3.34 -0.0317946 -0.0681187
-3.335 -0.0311197 -0.0689924
-3.33 -0.0304379 -0.069855
-3.325 -0.0297491 -0.0707063
-3.32 -0.0290534 -0.0715461
-3.315 -0.0283508 -0.0723741
-3.31 -0.0276413 -0.07319
-3.305 -0.026925 -0.0739937
-3.3 -0.026202 -0.0747848
-3.295 -0.0254721 -0.0755631
-3.29 -0.0247356 -0.0763284
-3.285 -0.0239923 -0.0770805
-3.28 -0.0232424 -0.077819
-3.275 -0.0224858 -0.0785437
-3.27 -0.0217227 -0.0792545
-3.265 -0.020953 -0.079951
-3.26 -0.0201768 -0.0806331
-3.255 -0.0193941 -0.0813004
-3.25 -0.018605 -0.0819528
-3.245 -0.0178095 -0.0825901
-3.24 -0.0170076 -0.0832119
-3.235 -0.0161994 -0.0838182
-3.23 -0.015385 -0.0844085
-3.225 -0.0145643 -0.0849828
-3.22 -0.0137374 -0.0855409
-3.215 -0.0129045 -0.0860824
-3.21 -0.0120654 -0.0866071
-3.205 -0.0112203 -0.087115
-3.2 -0.0103691 -0.0876057
-3.195 -0.00951209 -0.088079
-3.19 -0.00864913 -0.0885348
-3.185 -0.00778032 -0.0889728
-3.18 -0.00690572 -0.0893929
-3.175 -0.00602538 -0.0897948
-3.17 -0.00513935 -0.0901783
-3.165 -0.00424768 -0.0905433
-3.16 -0.00335042 -0.0908895
-3.155 -0.00244764 -0.0912168
-3.15 -0.00153938 -0.091525
-3.145 -0.000625712 -0.0918139
-3.14 0.000293317 -0.0920834
-3.135 0.00121764 -0.0923332
-3.13 0.00214721 -0.0925632
-3.125 0.00308196 -0.0927732
-3.12 0.00402183 -0.0929631
-3.115 0.00496675 -0.0931326
-3.11 0.00591667 -0.0932817
-3.105 0.00687152 -0.0934102
-3.1 0.00783123 -0.0935179
-3.095 0.00879575 -0.0936047
-3.09 0.00976501 -0.0936705
-3.085 0.0107389 -0.0937151
-3.08 0.0117175 -0.0937383
-3.075 0.0127005 -0.09374
-3.07 0.013688 -0.0937202
-3.065 0.01468 -0.0936787
-3.06 0.0156762 -0.0936153
-3.055 0.0166767 -0.0935299
-3.05 0.0176814 -0.0934225
-3.045 0.0186902 -0.0932929
-3.04 0.019703 -0.0931411
-3.035 0.0207198 -0.0929668
-3.03 0.0217404 -0.0927701
-3.025 0.0227649 -0.0925508
-3.02 0.0237931 -0.0923089
-3.015 0.0248249 -0.0920442
-3.01 0.0258603 -0.0917567
-3.005 0.0268992 -0.0914464
-3 0.0279415 -0.091113
-2.995 0.0289872 -0.0907567
-2.99 0.0300361 -0.0903772
-2.985 0.0310881 -0.0899746
-2.98 0.0321433 -0.0895488
-2.975 0.0332014 -0.0890998
-2.97 0.0342625 -0.0886275
-2.965 0.0353264 -0.0881319
-2.96 0.036393 -0.0876129
-2.955 0.0374622 -0.0870706
-2.95 0.0385341 -0.0865048
-2.945 0.0396084 -0.0859156
-2.94 0.040685 -0.085303
-2.935 0.041764 -0.084667
-2.93 0.0428452 -0.0840075
-2.925 0.0439285 -0.0833246
-2.92 0.0450138 -0.0826182
-2.915 0.046101 -0.0818884
-2.91 0.04719 -0.0811352
-2.905 0.0482808 -0.0803586
-2.9 0.0493732 -0.0795586
-2.895 0.0504672 -0.0787353
-2.89 0.0515626 -0.0778888
-2.885 0.0526593 -0.077019
-2.88 0.0537573 -0.076126
-2.875 0.0548564 -0.0752098
-2.87 0.0559566 -0.0742706
-2.865 0.0570577 -0.0733083
-2.86 0.0581596 -0.0723231
-2.855 0.0592623 -0.071315
-2.85 0.0603656 -0.0702842
-2.845 0.0614695 -0.0692306
-2.84 0.0625737 -0.0681544
-2.835 0.0636783 -0.0670556
-2.83 0.0647831 -0.0659345
-2.825 0.065888 -0.064791
-2.82 0.0669929 -0.0636253
-2.815 0.0680977 -0.0624376
-2.81 0.0692022 -0.0612279
-2.805 0.0703065 -0.0599963
-2.8 0.0714103 -0.0587431
-2.795 0.0725135 -0.0574683
-2.79 0.073616 -0.056172
-2.785 0.0747178 -0.0548546
-2.78 0.0758187 -0.053516
-2.775 0.0769186 -0.0521565
-2.77 0.0780174 -0.0507762
-2.765 0.0791149 -0.0493753
-2.76 0.0802111 -0.047954
-2.755 0.0813058 -0.0465124
-2.75 0.0823989 -0.0450509
-2.745 0.0834903 -0.0435694
-2.74 0.0845799 -0.0420683
-2.735 0.0856675 -0.0405478
-2.73 0.0867531 -0.039008
-2.725 0.0878365 -0.0374492
-2.72 0.0889176 -0.0358716
-2.715 0.0899962 -0.0342755
-2.71 0.0910724 -0.032661
-2.705 0.0921458 -0.0310285
-2.7 0.0932165 -0.0293781
-2.695 0.0942842 -0.0277101
-2.69 0.0953489 -0.0260247
-2.685 0.0964104 -0.0243223
-2.68 0.0974686 -0.0226031
-2.675 0.0985234 -0.0208673
-2.67 0.0995747 -0.0191153
-2.665 0.100622 -0.0173473
-2.66 0.101666 -0.0155636
-2.655 0.102706 -0.0137645
-2.65 0.103742 -0.0119503
-2.645 0.104773 -0.0101212
-2.64 0.105801 -0.00827776
-2.635 0.106823 -0.00642009
-2.63 0.107842 -0.00454857
-2.625 0.108855 -0.00266352
-2.62 0.109864 -0.000765262
-2.615 0.110867 0.00114586
-2.61 0.111866 0.00306951
-2.605 0.112859 0.00500535
-2.6 0.113847 0.00695302
-2.595 0.11483 0.00891217
-2.59 0.115806 0.0108824
-2.585 0.116777 0.0128635
-2.58 0.117742 0.0148549
-2.575 0.118702 0.0168563
-2.57 0.119654 0.0188674
-2.565 0.120601 0.0208877
-2.56 0.121541 0.0229169
-2.555 0.122474 0.0249546
-2.55 0.123401 0.0270003
-2.545 0.124321 0.0290538
-2.54 0.125233 0.0311145
-2.535 0.126139 0.033182
-2.53 0.127037 0.035256
-2.525 0.127928 0.0373361
-2.52 0.128811 0.0394217
-2.515 0.129687 0.0415125
-2.51 0.130554 0.0436081
-2.505 0.131414 0.045708
-2.5 0.132265 0.0478118
-2.495 0.133109 0.049919
-2.49 0.133943 0.0520292
-2.485 0.134769 0.0541419
-2.48 0.135587 0.0562567
-2.475 0.136395 0.0583731
-2.47 0.137195 0.0604907
-2.465 0.137985 0.062609
-2.46 0.138767 0.0647275
-2.455 0.139538 0.0668458
-2.45 0.1403 0.0689634
-2.445 0.141053 0.0710797
-2.44 0.141795 0.0731944
-2.435 0.142527 0.0753069
-2.43 0.14325 0.0774168
-2.425 0.143962 0.0795236
-2.42 0.144663 0.0816267
-2.415 0.145354 0.0837256
-2.41 0.146034 0.08582
-2.405 0.146703 0.0879092
-2.4 0.147362 0.0899928
-2.395 0.148009 0.0920702
-2.39 0.148644 0.094141
-2.385 0.149268 0.0962047
-2.38 0.149881 0.0982606
-2.375 0.150482 0.100308
-2.37 0.151071 0.102347
-2.365 0.151647 0.104377
-2.36 0.152212 0.106397
-2.355 0.152764 0.108407
-2.35 0.153304 0.110406
-2.345 0.153831 0.112394
-2.34 0.154345 0.11437
-2.335 0.154846 0.116333
-2.33 0.155334 0.118284
-2.325 0.155809 0.120221
-2.32 0.156271 0.122144
-2.315 0.156718 0.124053
-2.31 0.157153 0.125946
-2.305 0.157573 0.127824
-2.3 0.157979 0.129686
-2.295 0.158372 0.131531
-2.29 0.15875 0.133359
-2.285 0.159113 0.13517
-2.28 0.159462 0.136962
-2.275 0.159797 0.138735
-2.27 0.160116 0.140489
-2.265 0.16042 0.142223
-2.26 0.16071 0.143936
-2.255 0.160984 0.145629
-2.25 0.161242 0.1473
-2.245 0.161485 0.148949
-2.24 0.161712 0.150576
-2.235 0.161923 0.152179
-2.23 0.162119 0.153759
-2.225 0.162298 0.155314
-2.22 0.162461 0.156845
-2.215 0.162607 0.158351
-2.21 0.162737 0.159831
-2.205 0.162849 0.161284
-2.2 0.162946 0.162711
-2.195 0.163025 0.16411
-2.19 0.163086 0.165482
-2.185 0.163131 0.166825
-2.18 0.163158 0.168139
-2.175 0.163168 0.169424
-2.17 0.163159 0.170679
-2.165 0.163133 0.171903
-2.16 0.163089 0.173096
-2.155 0.163027 0.174258
-2.15 0.162946 0.175388
-2.145 0.162847 0.176485
-2.14 0.16273 0.17755
-2.135 0.162594 0.17858
-2.13 0.162438 0.179577
-2.125 0.162264 0.180539
-2.12 0.162071 0.181467
-2.115 0.161859 0.182359
-2.11 0.161627 0.183215
-2.105 0.161376 0.184034
-2.1 0.161105 0.184817
-2.095 0.160814 0.185562
-2.09 0.160503 0.186269
-2.085 0.160172 0.186939
-2.08 0.159822 0.187569
-2.075 0.15945 0.18816
-2.07 0.159059 0.188712
-2.065 0.158647 0.189223
-2.06 0.158214 0.189694
-2.055 0.15776 0.190124
-2.05 0.157285 0.190513
-2.045 0.15679 0.19086
-2.04 0.156273 0.191165
-2.035 0.155735 0.191427
-2.03 0.155175 0.191646
-2.025 0.154594 0.191821
-2.02 0.153991 0.191953
-2.015 0.153366 0.19204
-2.01 0.15272 0.192083
-2.005 0.152051 0.192081
-2 0.15136 0.192034
-1.995 0.150648 0.191941
-1.99 0.149912 0.191802
-1.985 0.149154 0.191617
-1.98 0.148374 0.191384
-1.975 0.147571 0.191105
-1.97 0.146745 0.190778
-1.965 0.145896 0.190404
-1.96 0.145024 0.189982
-1.955 0.144128 0.189511
-1.95 0.14321 0.188992
-1.945 0.142268 0.188424
-1.94 0.141303 0.187806
-1.935 0.140314 0.187139
-1.93 0.139302 0.186423
-1.925 0.138265 0.185656
-1.92 0.137205 0.18484
-1.915 0.136121 0.183972
-1.91 0.135013 0.183054
-1.905 0.133881 0.182086
-1.9 0.132724 0.181066
-1.895 0.131543 0.179994
-1.89 0.130338 0.178872
-1.885 0.129108 0.177697
-1.88 0.127853 0.176471
-1.875 0.126574 0.175192
-1.87 0.12527 0.173862
-1.865 0.123941 0.172479
-1.86 0.122587 0.171044
-1.855 0.121209 0.169556
-1.85 0.119805 0.168015
-1.845 0.118376 0.166422
-1.84 0.116921 0.164775
-1.835 0.115441 0.163076
-1.83 0.113936 0.161323
-1.825 0.112406 0.159518
-1.82 0.110849 0.157659
-1.815 0.109268 0.155747
-1.81 0.10766 0.153782
-1.805 0.106027 0.151763
-1.8 0.104368 0.149692
-1.795 0.102683 0.147567
-1.79 0.100972 0.145389
-1.785 0.0992356 0.143157
-1.78 0.0974728 0.140872
-1.775 0.0956839 0.138535
-1.77 0.0938689 0.136144
-1.765 0.0920277 0.1337
-1.76 0.0901603 0.131203
-1.755 0.0882666 0.128654
-1.75 0.0863466 0.126052
-1.745 0.0844003 0.123397
-1.74 0.0824275 0.12069
-1.735 0.0804284 0.117931
-1.73 0.0784028 0.115119
-1.725 0.0763506 0.112256
-1.72 0.074272 0.10934
-1.715 0.0721668 0.106374
-1.71 0.0700351 0.103356
-1.705 0.0678767 0.100287
-1.7 0.0656918 0.0971665
-1.695 0.0634802 0.0939959
-1.69 0.061242 0.090775
-1.685 0.0589771 0.087504
-1.68 0.0566856 0.0841832
-1.675 0.0543674 0.080813
-1.67 0.0520225 0.0773937
-1.665 0.049651 0.0739256
-1.66 0.0472527 0.0704091
-1.655 0.0448278 0.0668444
-1.65 0.0423763 0.0632321
-1.645 0.0398981 0.0595724
-1.64 0.0373932 0.0558659
-1.635 0.0348617 0.0521129
-1.63 0.0323036 0.0483138
-1.625 0.0297188 0.0444691
-1.62 0.0271075 0.0405793
-1.615 0.0244697 0.0366448
-1.61 0.0218054 0.0326661
-1.605 0.0191145 0.0286438
-1.6 0.0163972 0.0245784
-1.595 0.0136535 0.0204703
-1.59 0.0108835 0.0163202
-1.585 0.00808705 0.0121285
-1.58 0.00526436 0.00789598
-1.575 0.00241544 0.00362311
-1.57 -0.000459653 -0.00068948
-1.565 -0.00336087 -0.00504116
-1.56 -0.00628815 -0.0094313
-1.555 -0.00924142 -0.0138592
-1.55 -0.0122206 -0.0183243
-1.545 -0.0152257 -0.0228259
-1.54 -0.0182565 -0.0273632
-1.535 -0.0213131 -0.0319355
-1.53 -0.0243953 -0.0365421
-1.525 -0.027503 -0.0411824
-1.52 -0.0306362 -0.0458554
-1.515 -0.0337947 -0.0505606
-1.51 -0.0369785 -0.0552969
-1.505 -0.0401875 -0.0600638
-1.5 -0.0434215 -0.0648602
-1.495 -0.0466805 -0.0696855
-1.49 -0.0499644 -0.0745388
-1.485 -0.053273 -0.0794192
-1.48 -0.0566062 -0.0843258
-1.475 -0.0599638 -0.0892578
-1.47 -0.0633459 -0.0942142
-1.465 -0.0667522 -0.0991941
-1.46 -0.0701825 -0.104197
-1.455 -0.0736369 -0.109221
-1.45 -0.077115 -0.114266
-1.445 -0.0806168 -0.11933
-1.44 -0.0841422 -0.124413
-1.435 -0.0876909 -0.129514
-1.43 -0.0912627 -0.134632
-1.425 -0.0948577 -0.139765
-1.42 -0.0984755 -0.144913
-1.415 -0.102116 -0.150074
-1.41 -0.105779 -0.155248
-1.405 -0.109464 -0.160433
-1.4 -0.113172 -0.165629
-1.395 -0.116901 -0.170833
-1.39 -0.120652 -0.176046
-1.385 -0.124425 -0.181265
-1.38 -0.128219 -0.18649
-1.375 -0.132034 -0.19172
-1.37 -0.13587 -0.196952
-1.365 -0.139727 -0.202187
-1.36 -0.143604 -0.207423
-1.355 -0.147501 -0.212659
-1.35 -0.151419 -0.217893
-1.345 -0.155356 -0.223124
-1.34 -0.159313 -0.228351
-1.335 -0.163289 -0.233573
-1.33 -0.167283 -0.238788
-1.325 -0.171297 -0.243995
-1.32 -0.175329 -0.249192
-1.315 -0.179379 -0.254379
-1.31 -0.183447 -0.259554
-1.305 -0.187533 -0.264716
-1.3 -0.191636 -0.269863
-1.295 -0.195756 -0.274994
-1.29 -0.199893 -0.280108
-1.285 -0.204046 -0.285203
-1.28 -0.208215 -0.290277
-1.275 -0.2124 -0.29533
-1.27 -0.216601 -0.30036
-1.265 -0.220816 -0.305365
-1.26 -0.225047 -0.310344
-1.255 -0.229291 -0.315296
-1.25 -0.23355 -0.320218
-1.245 -0.237823 -0.325111
-1.24 -0.242108 -0.329971
-1.235 -0.246407 -0.334798
-1.23 -0.250719 -0.33959
-1.225 -0.255042 -0.344346
-1.22 -0.259378 -0.349063
-1.215 -0.263724 -0.353742
-1.21 -0.268082 -0.358379
-1.205 -0.272451 -0.362973
-1.2 -0.276829 -0.367524
-1.195 -0.281218 -0.372029
-1.19 -0.285615 -0.376486
-1.185 -0.290022 -0.380895
-1.18 -0.294437 -0.385253
-1.175 -0.29886 -0.38956
-1.17 -0.30329 -0.393812
-1.165 -0.307728 -0.39801
-1.16 -0.312172 -0.402151
-1.155 -0.316623 -0.406233
-1.15 -0.321079 -0.410255
-1.145 -0.32554 -0.414216
-1.14 -0.330006 -0.418114
-1.135 -0.334475 -0.421946
-1.13 -0.338949 -0.425713
-1.125 -0.343425 -0.429411
-1.12 -0.347905 -0.433039
-1.115 -0.352386 -0.436596
-1.11 -0.356868 -0.440081
-1.105 -0.361352 -0.44349
-1.1 -0.365835 -0.446823
-1.095 -0.370319 -0.450079
-1.09 -0.374802 -0.453255
-1.085 -0.379283 -0.45635
-1.08 -0.383763 -0.459362
-1.075 -0.38824 -0.46229
-1.07 -0.392713 -0.465132
-1.065 -0.397183 -0.467886
-1.06 -0.401648 -0.470551
-1.055 -0.406109 -0.473126
-1.05 -0.410563 -0.475607
-1.045 -0.415012 -0.477995
-1.04 -0.419453 -0.480288
-1.035 -0.423886 -0.482483
-1.03 -0.428312 -0.484579
-1.025 -0.432728 -0.486575
-1.02 -0.437134 -0.488469
-1.015 -0.44153 -0.49026
-1.01 -0.445915 -0.491946
-1.005 -0.450288 -0.493525
-1 -0.454649 -0.494996
-0.995 -0.458996 -0.496358
-0.99 -0.463329 -0.497608
-0.985 -0.467648 -0.498746
-0.98 -0.47195 -0.49977
-0.975 -0.476237 -0.500678
-0.97 -0.480506 -0.501469
-0.965 -0.484758 -0.502142
-0.96 -0.488991 -0.502695
-0.955 -0.493205 -0.503127
-0.95 -0.497398 -0.503436
-0.945 -0.501571 -0.503621
-0.94 -0.505721 -0.503681
-0.935 -0.509849 -0.503614
-0.93 -0.513953 -0.503419
-0.925 -0.518033 -0.503094
-0.92 -0.522088 -0.502639
-0.915 -0.526117 -0.502052
-0.91 -0.530118 -0.501332
-0.905 -0.534092 -0.500477
-0.9 -0.538037 -0.499487
-0.895 -0.541953 -0.498361
-0.89 -0.545838 -0.497096
-0.885 -0.549692 -0.495693
-0.88 -0.553513 -0.494149
-0.875 -0.557302 -0.492464
-0.87 -0.561056 -0.490637
-0.865 -0.564775 -0.488667
-0.86 -0.568458 -0.486553
-0.855 -0.572104 -0.484294
-0.85 -0.575713 -0.481889
-0.845 -0.579282 -0.479337
-0.84 -0.582811 -0.476637
-0.835 -0.5863 -0.473789
-0.83 -0.589747 -0.470791
-0.825 -0.593151 -0.467643
-0.82 -0.596512 -0.464345
-0.815 -0.599828 -0.460895
-0.81 -0.603097 -0.457293
-0.805 -0.606321 -0.453538
-0.8 -0.609496 -0.44963
-0.795 -0.612623 -0.445569
-0.79 -0.6157 -0.441353
-0.785 -0.618726 -0.436982
-0.78 -0.6217 -0.432457
-0.775 -0.624621 -0.427776
-0.77 -0.627488 -0.422939
-0.765 -0.6303 -0.417946
-0.76 -0.633057 -0.412798
-0.755 -0.635756 -0.407493
-0.75 -0.638397 -0.402031
-0.745 -0.640979 -0.396413
-0.74 -0.6435 -0.390639
-0.735 -0.64596 -0.384708
-0.73 -0.648358 -0.37862
-0.725 -0.650693 -0.372377
-0.72 -0.652963 -0.365977
-0.715 -0.655167 -0.359421
-0.71 -0.657305 -0.35271
-0.705 -0.659374 -0.345844
-0.7 -0.661376 -0.338823
-0.695 -0.663307 -0.331648
-0.69 -0.665167 -0.324319
-0.685 -0.666956 -0.316836
-0.68 -0.668671 -0.309201
-0.675 -0.670312 -0.301415
-0.67 -0.671878 -0.293477
-0.665 -0.673368 -0.285389
-0.66 -0.674781 -0.277152
-0.655 -0.676115 -0.268766
-0.65 -0.67737 -0.260233
-0.645 -0.678544 -0.251553
-0.64 -0.679637 -0.242728
-0.635 -0.680647 -0.233759
-0.63 -0.681574 -0.224648
-0.625 -0.682416 -0.215395
-0.62 -0.683172 -0.206002
-0.615 -0.683842 -0.19647
-0.61 -0.684425 -0.186802
-0.605 -0.684919 -0.176998
-0.6 -0.685323 -0.16706
-0.595 -0.685637 -0.156991
-0.59 -0.685859 -0.146791
-0.585 -0.685988 -0.136463
-0.58 -0.686024 -0.126008
-0.575 -0.685966 -0.115429
-0.57 -0.685813 -0.104728
-0.565 -0.685563 -0.0939071
-0.56 -0.685217 -0.082968
-0.555 -0.684772 -0.0719133
-0.55 -0.684228 -0.0607454
-0.545 -0.683585 -0.0494667
-0.54 -0.682841 -0.0380798
-0.535 -0.681996 -0.0265871
-0.53 -0.681049 -0.0149914
-0.525 -0.679999 -0.00329537
-0.52 -0.678845 0.0084982
-0.515 -0.677586 0.0203865
-0.51 -0.676223 0.0323665
-0.505 -0.674753 0.0444353
-0.5 -0.673177 0.0565898
-0.495 -0.671493 0.0688268
-0.49 -0.669702 0.0811432
-0.485 -0.667802 0.0935358
-0.48 -0.665793 0.106001
-0.475 -0.663674 0.118536
-0.47 -0.661445 0.131136
-0.465 -0.659105 0.143799
-0.46 -0.656654 0.156521
-0.455 -0.654091 0.169298
-0.45 -0.651415 0.182126
-0.445 -0.648627 0.195002
-0.44 -0.645726 0.207922
-0.435 -0.642712 0.220881
-0.43 -0.639584 0.233877
-0.425 -0.636341 0.246905
-0.42 -0.632985 0.25996
-0.415 -0.629513 0.273039
-0.41 -0.625927 0.286138
-0.405 -0.622226 0.299252
-0.4 -0.61841 0.312377
-0.395 -0.614479 0.325509
-0.39 -0.610433 0.338644
-0.385 -0.606271 0.351776
-0.38 -0.601994 0.364903
-0.375 -0.597601 0.378018
-0.37 -0.593093 0.391118
-0.365 -0.588471 0.404197
-0.36 -0.583733 0.417252
-0.355 -0.57888 0.430278
-0.35 -0.573913 0.44327
-0.345 -0.568832 0.456224
-0.34 -0.563637 0.469134
-0.335 -0.558328 0.481996
-0.33 -0.552905 0.494806
-0.325 -0.54737 0.507557
-0.32 -0.541723 0.520247
-0.315 -0.535964 0.532869
-0.31 -0.530093 0.545419
-0.305 -0.524112 0.557893
-0.3 -0.518021 0.570284
-0.295 -0.51182 0.58259
-0.29 -0.505511 0.594804
-0.285 -0.499093 0.606921
-0.28 -0.492569 0.618938
-0.275 -0.485938 0.630849
-0.27 -0.479202 0.642649
-0.265 -0.472362 0.654334
-0.26 -0.465418 0.665899
-0.255 -0.458372 0.677338
-0.25 -0.451224 0.688648
-0.245 -0.443976 0.699824
-0.24 -0.436629 0.71086
-0.235 -0.429185 0.721753
-0.23 -0.421643 0.732497
-0.225 -0.414006 0.743088
-0.22 -0.406276 0.753522
-0.215 -0.398452 0.763793
-0.21 -0.390538 0.773899
-0.205 -0.382533 0.783833
-0.2 -0.374441 0.793592
-0.195 -0.366261 0.803171
-0.19 -0.357997 0.812567
-0.185 -0.349649 0.821775
-0.18 -0.341219 0.830791
-0.175 -0.332709 0.839611
-0.17 -0.32412 0.848231
-0.165 -0.315455 0.856647
-0.16 -0.306715 0.864855
-0.155 -0.297902 0.872851
-0.15 -0.289017 0.880633
-0.145 -0.280064 0.888196
-0.14 -0.271043 0.895536
-0.135 -0.261957 0.902652
-0.13 -0.252808 0.909538
-0.125 -0.243598 0.916192
-0.12 -0.234328 0.922611
-0.115 -0.225002 0.928792
-0.11 -0.215621 0.934732
-0.105 -0.206187 0.940428
-0.1 -0.196702 0.945878
-0.095 -0.18717 0.951078
-0.09 -0.177591 0.956027
-0.085 -0.167969 0.960722
-0.08 -0.158305 0.965161
-0.075 -0.148602 0.969342
-0.07 -0.138863 0.973262
-0.065 -0.129089 0.97692
-0.06 -0.119283 0.980315
-0.055 -0.109447 0.983443
-0.05 -0.0995845 0.986305
-0.045 -0.0896969 0.988899
-0.04 -0.079787 0.991223
-0.035 -0.0698573 0.993276
-0.03 -0.0599101 0.995057
-0.025 -0.049948 0.996566
-0.02 -0.0399733 0.997801
-0.015 -0.0299888 0.998763
-0.01 -0.0199967 0.99945
-0.005 -0.00999958 0.999863
0 0 1
0.005 0.00999958 0.999863
0.01 0.0199967 0.99945
0.015 0.0299888 0.998763
0.02 0.0399733 0.997801
0.025 0.049948 0.996566
0.03 0.0599101 0.995057
0.035 0.0698573 0.993276
0.04 0.079787 0.991223
0.045 0.0896969 0.988899
0.05 0.0995845 0.986305
0.055 0.109447 0.983443
0.06 0.119283 0.980315
0.065 0.129089 0.97692
0.07 0.138863 0.973262
0.075 0.148602 0.969342
0.08 0.158305 0.965161
0.085 0.167969 0.960722
0.09 0.177591 0.956027
0.095 0.18717 0.951078
0.1 0.196702 0.945878
0.105 0.206187 0.940428
0.11 0.215621 0.934732
0.115 0.225002 0.928792
0.12 0.234328 0.922611
0.125 0.243598 0.916192
0.13 0.252808 0.909538
0.135 0.261957 0.902652
0.14 0.271043 0.895536
0.145 0.280064 0.888196
0.15 0.289017 0.880633
0.155 0.297902 0.872851
0.16 0.306715 0.864855
0.165 0.315455 0.856647
0.17 0.32412 0.848231
0.175 0.332709 0.839611
0.18 0.341219 0.830791
0.185 0.349649 0.821775
0.19 0.357997 0.812567
0.195 0.366261 0.803171
0.2 0.374441 0.793592
0.205 0.382533 0.783833
0.21 0.390538 0.773899
0.215 0.398452 0.763793
0.22 0.406276 0.753522
0.225 0.414006 0.743088
0.23 0.421643 0.732497
0.235 0.429185 0.721753
0.24 0.436629 0.71086
0.245 0.443976 0.699824
0.25 0.451224 0.688648
0.255 0.458372 0.677338
0.26 0.465418 0.665899
0.265 0.472362 0.654334
0.27 0.479202 0.642649
0.275 0.485938 0.630849
0.28 0.492569 0.618938
0.285 0.499093 0.606921
0.29 0.505511 0.594804
0.295 0.51182 0.58259
0.3 0.518021 0.570284
0.305 0.524112 0.557893
0.31 0.530093 0.545419
0.315 0.535964 0.532869
0.32 0.541723 0.520247
0.325 0.54737 0.507557
0.33 0.552905 0.494806
0.335 0.558328 0.481996
0.34 0.563637 0.469134
0.345 0.568832 0.456224
0.35 0.573913 0.44327
0.355 0.57888 0.430278
0.36 0.583733 0.417252
0.365 0.588471 0.404197
0.37 0.593093 0.391118
0.375 0.597601 0.378018
0.38 0.601994 0.364903
0.385 0.606271 0.351776
0.39 0.610433 0.338644
0.395 0.614479 0.325509
0.4 0.61841 0.312377
0.405 0.622226 0.299252
0.41 0.625927 0.286138
0.415 0.629513 0.273039
0.42 0.632985 0.25996
0.425 0.636341 0.246905
0.43 0.639584 0.233877
0.435 0.642712 0.220881
0.44 0.645726 0.207922
0.445 0.648627 0.195002
0.45 0.651415 0.182126
0.455 0.654091 0.169298
0.46 0.656654 0.156521
0.465 0.659105 0.143799
0.47 0.661445 0.131136
0.475 0.663674 0.118536
0.48 0.665793 0.106001
0.485 0.667802 0.0935358
0.49 0.669702 0.0811432
0.495 0.671493 0.0688268
0.5 0.673177 0.0565898
0.505 0.674753 0.0444353
0.51 0.676223 0.0323665
0.515 0.677586 0.0203865
0.52 0.678845 0.0084982
0.525 0.679999 -0.00329537
0.53 0.681049 -0.0149914
0.535 0.681996 -0.0265871
0.54 0.682841 -0.0380798
0.545 0.683585 -0.0494667
0.55 0.684228 -0.0607454
0.555 0.684772 -0.0719133
0.56 0.685217 -0.082968
0.565 0.685563 -0.0939071
0.57 0.685813 -0.104728
0.575 0.685966 -0.115429
0.58 0.686024 -0.126008
0.585 0.685988 -0.136463
0.59 0.685859 -0.146791
0.595 0.685637 -0.156991
0.6 0.685323 -0.16706
0.605 0.684919 -0.176998
0.61 0.684425 -0.186802
0.615 0.683842 -0.19647
0.62 0.683172 -0.206002
0.625 0.682416 -0.215395
0.63 0.681574 -0.224648
0.635 0.680647 -0.233759
0.64 0.679637 -0.242728
0.645 0.678544 -0.251553
0.65 0.67737 -0.260233
0.655 0.676115 -0.268766
0.66 0.674781 -0.277152
0.665 0.673368 -0.285389
0.67 0.671878 -0.293477
0.675 0.670312 -0.301415
0.68 0.668671 -0.309201
0.685 0.666956 -0.316836
0.69 0.665167 -0.324319
0.695 0.663307 -0.331648
0.7 0.661376 -0.338823
0.705 0.659374 -0.345844
0.71 0.657305 -0.35271
0.715 0.655167 -0.359421
0.72 0.652963 -0.365977
0.725 0.650693 -0.372377
0.73 0.648358 -0.37862
0.735 0.64596 -0.384708
0.74 0.6435 -0.390639
0.745 0.640979 -0.396413
0.75 0.638397 -0.402031
0.755 0.635756 -0.407493
0.76 0.633057 -0.412798
0.765 0.6303 -0.417946
0.77 0.627488 -0.422939
0.775 0.624621 -0.427776
0.78 0.6217 -0.432457
0.785 0.618726 -0.436982
0.79 0.6157 -0.441353
0.795 0.612623 -0.445569
0.8 0.609496 -0.44963
0.805 0.606321 -0.453538
0.81 0.603097 -0.457293
0.815 0.599828 -0.460895
0.82 0.596512 -0.464345
0.825 0.593151 -0.467643
0.83 0.589747 -0.470791
0.835 0.5863 -0.473789
0.84 0.582811 -0.476637
0.845 0.579282 -0.479337
0.85 0.575713 -0.481889
0.855 0.572104 -0.484294
0.86 0.568458 -0.486553
0.865 0.564775 -0.488667
0.87 0.561056 -0.490637
0.875 0.557302 -0.492464
0.88 0.553513 -0.494149
0.885 0.549692 -0.495693
0.89 0.545838 -0.497096
0.895 0.541953 -0.498361
0.9 0.538037 -0.499487
0.905 0.534092 -0.500477
0.91 0.530118 -0.501332
0.915 0.526117 -0.502052
0.92 0.522088 -0.502639
0.925 0.518033 -0.503094
0.93 0.513953 -0.503419
0.935 0.509849 -0.503614
0.94 0.505721 -0.503681
0.945 0.501571 -0.503621
0.95 0.497398 -0.503436
0.955 0.493205 -0.503127
0.96 0.488991 -0.502695
0.965 0.484758 -0.502142
0.97 0.480506 -0.501469
0.975 0.476237 -0.500678
0.98 0.47195 -0.49977
0.985 0.467648 -0.498746
0.99 0.463329 -0.497608
0.995 0.458996 -0.496358
1 0.454649 -0.494996
1.005 0.450288 -0.493525
1.01 0.445915 -0.491946
1.015 0.44153 -0.49026
1.02 0.437134 -0.488469
1.025 0.432728 -0.486575
1.03 0.428312 -0.484579
1.035 0.423886 -0.482483
1.04 0.419453 -0.480288
1.045 0.415012 -0.477995
1.05 0.410563 -0.475607
1.055 0.406109 -0.473126
1.06 0.401648 -0.470551
1.065 0.397183 -0.467886
1.07 0.392713 -0.465132
1.075 0.38824 -0.46229
1.08 0.383763 -0.459362
1.085 0.379283 -0.45635
1.09 0.374802 -0.453255
1.095 0.370319 -0.450079
1.1 0.365835 -0.446823
1.105 0.361352 -0.44349
1.11 0.356868 -0.440081
1.115 0.352386 -0.436596
1.12 0.347905 -0.433039
1.125 0.343425 -0.429411
1.13 0.338949 -0.425713
1.135 0.334475 -0.421946
1.14 0.330006 -0.418114
1.145 0.32554 -0.414216
1.15 0.321079 -0.410255
1.155 0.316623 -0.406233
1.16 0.312172 -0.402151
1.165 0.307728 -0.39801
1.17 0.30329 -0.393812
1.175 0.29886 -0.38956
1.18 0.294437 -0.385253
1.185 0.290022 -0.380895
1.19 0.285615 -0.376486
1.195 0.281218 -0.372029
1.2 0.276829 -0.367524
1.205 0.272451 -0.362973
1.21 0.268082 -0.358379
1.215 0.263724 -0.353742
1.22 0.259378 -0.349063
1.225 0.255042 -0.344346
1.23 0.250719 -0.33959
1.235 0.246407 -0.334798
1.24 0.242108 -0.329971
1.245 0.237823 -0.325111
1.25 0.23355 -0.320218
1.255 0.229291 -0.315296
1.26 0.225047 -0.310344
1.265 0.220816 -0.305365
1.27 0.216601 -0.30036
1.275 0.2124 -0.29533
1.28 0.208215 -0.290277
1.285 0.204046 -0.285203
1.29 0.199893 -0.280108
1.295 0.195756 -0.274994
1.3 0.191636 -0.269863
1.305 0.187533 -0.264716
1.31 0.183447 -0.259554
1.315 0.179379 -0.254379
1.32 0.175329 -0.249192
1.325 0.171297 -0.243995
1.33 0.167283 -0.238788
1.335 0.163289 -0.233573
1.34 0.159313 -0.228351
1.345 0.155356 -0.223124
1.35 0.151419 -0.217893
1.355 0.147501 -0.212659
1.36 0.143604 -0.207423
1.365 0.139727 -0.202187
1.37 0.13587 -0.196952
1.375 0.132034 -0.19172
1.38 0.128219 -0.18649
1.385 0.124425 -0.181265
1.39 0.120652 -0.176046
1.395 0.116901 -0.170833
1.4 0.113172 -0.165629
1.405 0.109464 -0.160433
1.41 0.105779 -0.155248
1.415 0.102116 -0.150074
1.42 0.0984755 -0.144913
1.425 0.0948577 -0.139765
1.43 0.0912627 -0.134632
1.435 0.0876909 -0.129514
1.44 0.0841422 -0.124413
1.445 0.0806168 -0.11933
1.45 0.077115 -0.114266
1.455 0.0736369 -0.109221
1.46 0.0701825 -0.104197
1.465 0.0667522 -0.0991941
1.47 0.0633459 -0.0942142
1.475 0.0599638 -0.0892578
1.48 0.0566062 -0.0843258
1.485 0.053273 -0.0794192
1.49 0.0499644 -0.0745388
1.495 0.0466805 -0.0696855
1.5 0.0434215 -0.0648602
1.505 0.0401875 -0.0600638
1.51 0.0369785 -0.0552969
1.515 0.0337947 -0.0505606
1.52 0.0306362 -0.0458554
1.525 0.027503 -0.0411824
1.53 0.0243953 -0.0365421
1.535 0.0213131 -0.0319355
1.54 0.0182565 -0.0273632
1.545 0.0152257 -0.0228259
1.55 0.0122206 -0.0183243
1.555 0.00924142 -0.0138592
1.56 0.00628815 -0.0094313
1.565 0.00336087 -0.00504116
1.57 0.000459653 -0.00068948
1.575 -0.00241544 0.00362311
1.58 -0.00526436 0.00789598
1.585 -0.00808705 0.0121285
1.59 -0.0108835 0.0163202
1.595 -0.0136535 0.0204703
1.6 -0.0163972 0.0245784
1.605 -0.0191145 0.0286438
1.61 -0.0218054 0.0326661
1.615 -0.0244697 0.0366448
1.62 -0.0271075 0.0405793
1.625 -0.0297188 0.0444691
1.63 -0.0323036 0.0483138
1.635 -0.0348617 0.0521129
1.64 -0.0373932 0.0558659
1.645 -0.0398981 0.0595724
1.65 -0.0423763 0.0632321
1.655 -0.0448278 0.0668444
1.66 -0.0472527 0.0704091
1.665 -0.049651 0.0739256
1.67 -0.0520225 0.0773937
1.675 -0.0543674 0.080813
1.68 -0.0566856 0.0841832
1.685 -0.0589771 0.087504
1.69 -0.061242 0.090775
1.695 -0.0634802 0.0939959
1.7 -0.0656918 0.0971665
1.705 -0.0678767 0.100287
1.71 -0.0700351 0.103356
1.715 -0.0721668 0.106374
1.72 -0.074272 0.10934
1.725 -0.0763506 0.112256
1.73 -0.0784028 0.115119
1.735 -0.0804284 0.117931
1.74 -0.0824275 0.12069
1.745 -0.0844003 0.123397
1.75 -0.0863466 0.126052
1.755 -0.0882666 0.128654
1.76 -0.0901603 0.131203
1.765 -0.0920277 0.1337
1.77 -0.0938689 0.136144
1.775 -0.0956839 0.138535
1.78 -0.0974728 0.140872
1.785 -0.0992356 0.143157
1.79 -0.100972 0.145389
1.795 -0.102683 0.147567
1.8 -0.104368 0.149692
1.805 -0.106027 0.151763
1.81 -0.10766 0.153782
1.815 -0.109268 0.155747
1.82 -0.110849 0.157659
1.825 -0.112406 0.159518
1.83 -0.113936 0.161323
1.835 -0.115441 0.163076
1.84 -0.116921 0.164775
1.845 -0.118376 0.166422
1.85 -0.119805 0.168015
1.855 -0.121209 0.169556
1.86 -0.122587 0.171044
1.865 -0.123941 0.172479
1.87 -0.12527 0.173862
1.875 -0.126574 0.175192
1.88 -0.127853 0.176471
1.885 -0.129108 0.177697
1.89 -0.130338 0.178872
1.895 -0.131543 0.179994
1.9 -0.132724 0.181066
1.905 -0.133881 0.182086
1.91 -0.135013 0.183054
1.915 -0.136121 0.183972
1.92 -0.137205 0.18484
1.925 -0.138265 0.185656
1.93 -0.139302 0.186423
1.935 -0.140314 0.187139
1.94 -0.141303 0.187806
1.945 -0.142268 0.188424
1.95 -0.14321 0.188992
1.955 -0.144128 0.189511
1.96 -0.145024 0.189982
1.965 -0.145896 0.190404
1.97 -0.146745 0.190778
1.975 -0.147571 0.191105
1.98 -0.148374 0.191384
1.985 -0.149154 0.191617
1.99 -0.149912 0.191802
1.995 -0.150648 0.191941
2 -0.15136 0.192034
2.005 -0.152051 0.192081
2.01 -0.15272 0.192083
2.015 -0.153366 0.19204
2.02 -0.153991 0.191953
2.025 -0.154594 0.191821
2.03 -0.155175 0.191646
2.035 -0.155735 0.191427
2.04 -0.156273 0.191165
2.045 -0.15679 0.19086
2.05 -0.157285 0.190513
2.055 -0.15776 0.190124
2.06 -0.158214 0.189694
2.065 -0.158647 0.189223
2.07 -0.159059 0.188712
2.075 -0.15945 0.18816
2.08 -0.159822 0.187569
2.085 -0.160172 0.186939
2.09 -0.160503 0.186269
2.095 -0.160814 0.185562
2.1 -0.161105 0.184817
2.105 -0.161376 0.184034
2.11 -0.161627 0.183215
2.115 -0.161859 0.182359
2.12 -0.162071 0.181467
2.125 -0.162264 0.180539
2.13 -0.162438 0.179577
2.135 -0.162594 0.17858
2.14 -0.16273 0.17755
2.145 -0.162847 0.176485
2.15 -0.162946 0.175388
2.155 -0.163027 0.174258
2.16 -0.163089 0.173096
2.165 -0.163133 0.171903
2.17 -0.163159 0.170679
2.175 -0.163168 0.169424
2.18 -0.163158 0.168139
2.185 -0.163131 0.166825
2.19 -0.163086 0.165482
2.195 -0.163025 0.16411
2.2 -0.162946 0.162711
2.205 -0.162849 0.161284
2.21 -0.162737 0.159831
2.215 -0.162607 0.158351
2.22 -0.162461 0.156845
2.225 -0.162298 0.155314
2.23 -0.162119 0.153759
2.235 -0.161923 0.152179
2.24 -0.161712 0.150576
2.245 -0.161485 0.148949
2.25 -0.161242 0.1473
2.255 -0.160984 0.145629
2.26 -0.16071 0.143936
2.265 -0.16042 0.142223
2.27 -0.160116 0.140489
2.275 -0.159797 0.138735
2.28 -0.159462 0.136962
2.285 -0.159113 0.13517
2.29 -0.15875 0.133359
2.295 -0.158372 0.131531
2.3 -0.157979 0.129686
2.305 -0.157573 0.127824
2.31 -0.157153 0.125946
2.315 -0.156718 0.124053
2.32 -0.156271 0.122144
2.325 -0.155809 0.120221
2.33 -0.155334 0.118284
2.335 -0.154846 0.116333
2.34 -0.154345 0.11437
2.345 -0.153831 0.112394
2.35 -0.153304 0.110406
2.355 -0.152764 0.108407
2.36 -0.152212 0.106397
2.365 -0.151647 0.104377
2.37 -0.151071 0.102347
2.375 -0.150482 0.100308
2.38 -0.149881 0.0982606
2.385 -0.149268 0.0962047
2.39 -0.148644 0.094141
2.395 -0.148009 0.0920702
2.4 -0.147362 0.0899928
2.405 -0.146703 0.0879092
2.41 -0.146034 0.08582
2.415 -0.145354 0.0837256
2.42 -0.144663 0.0816267
2.425 -0.143962 0.0795236
2.43 -0.14325 0.0774168
2.435 -0.142527 0.0753069
2.44 -0.141795 0.0731944
2.445 -0.141053 0.0710797
2.45 -0.1403 0.0689634
2.455 -0.139538 0.0668458
2.46 -0.138767 0.0647275
2.465 -0.137985 0.062609
2.47 -0.137195 0.0604907
2.475 -0.136395 0.0583731
2.48 -0.135587 0.0562567
2.485 -0.134769 0.0541419
2.49 -0.133943 0.0520292
2.495 -0.133109 0.049919
2.5 -0.132265 0.0478118
2.505 -0.131414 0.045708
2.51 -0.130554 0.0436081
2.515 -0.129687 0.0415125
2.52 -0.128811 0.0394217
2.525 -0.127928 0.0373361
2.53 -0.127037 0.035256
2.535 -0.126139 0.033182
2.54 -0.125233 0.0311145
2.545 -0.124321 0.0290538
2.55 -0.123401 0.0270003
2.555 -0.122474 0.0249546
2.56 -0.121541 0.0229169
2.565 -0.120601 0.0208877
2.57 -0.119654 0.0188674
2.575 -0.118702 0.0168563
2.58 -0.117742 0.0148549
2.585 -0.116777 0.0128635
2.59 -0.115806 0.0108824
2.595 -0.11483 0.00891217
2.6 -0.113847 0.00695302
2.605 -0.112859 0.00500535
2.61 -0.111866 0.00306951
2.615 -0.110867 0.00114586
2.62 -0.109864 -0.000765262
2.625 -0.108855 -0.00266352
2.63 -0.107842 -0.00454857
2.635 -0.106823 -0.00642009
2.64 -0.105801 -0.00827776
2.645 -0.104773 -0.0101212
2.65 -0.103742 -0.0119503
2.655 -0.102706 -0.0137645
2.66 -0.101666 -0.0155636
2.665 -0.100622 -0.0173473
2.67 -0.0995747 -0.0191153
2.675 -0.0985234 -0.0208673
2.68 -0.0974686 -0.0226031
2.685 -0.0964104 -0.0243223
2.69 -0.0953489 -0.0260247
2.695 -0.0942842 -0.0277101
2.7 -0.0932165 -0.0293781
2.705 -0.0921458 -0.0310285
2.71 -0.0910724 -0.032661
2.715 -0.0899962 -0.0342755
2.72 -0.0889176 -0.0358716
2.725 -0.0878365 -0.0374492
2.73 -0.0867531 -0.039008
2.735 -0.0856675 -0.0405478
2.74 -0.0845799 -0.0420683
2.745 -0.0834903 -0.0435694
2.75 -0.0823989 -0.0450509
2.755 -0.0813058 -0.0465124
2.76 -0.0802111 -0.047954
2.765 -0.0791149 -0.0493753
2.77 -0.0780174 -0.0507762
2.775 -0.0769186 -0.0521565
2.78 -0.0758187 -0.053516
2.785 -0.0747178 -0.0548546
2.79 -0.073616 -0.056172
2.795 -0.0725135 -0.0574683
2.8 -0.0714103 -0.0587431
2.805 -0.0703065 -0.0599963
2.81 -0.0692022 -0.0612279
2.815 -0.0680977 -0.0624376
2.82 -0.0669929 -0.0636253
2.825 -0.065888 -0.064791
2.83 -0.0647831 -0.0659345
2.835 -0.0636783 -0.0670556
2.84 -0.0625737 -0.0681544
2.845 -0.0614695 -0.0692306
2.85 -0.0603656 -0.0702842
2.855 -0.0592623 -0.071315
2.86 -0.0581596 -0.0723231
2.865 -0.0570577 -0.0733083
2.87 -0.0559566 -0.0742706
2.875 -0.0548564 -0.0752098
2.88 -0.0537573 -0.076126
2.885 -0.0526593 -0.077019
2.89 -0.0515626 -0.0778888
2.895 -0.0504672 -0.0787353
2.9 -0.0493732 -0.0795586
2.905 -0.0482808 -0.0803586
2.91 -0.04719 -0.0811352
2.915 -0.046101 -0.0818884
2.92 -0.0450138 -0.0826182
2.925 -0.0439285 -0.0833246
2.93 -0.0428452 -0.0840075
2.935 -0.041764 -0.084667
2.94 -0.040685 -0.085303
2.945 -0.0396084 -0.0859156
2.95 -0.0385341 -0.0865048
2.955 -0.0374622 -0.0870706
2.96 -0.036393 -0.0876129
2.965 -0.0353264 -0.0881319
2.97 -0.0342625 -0.0886275
2.975 -0.0332014 -0.0890998
2.98 -0.0321433 -0.0895488
2.985 -0.0310881 -0.0899746
2.99 -0.0300361 -0.0903772
2.995 -0.0289872 -0.0907567
3 -0.0279415 -0.091113
3.005 -0.0268992 -0.0914464
3.01 -0.0258603 -0.0917567
3.015 -0.0248249 -0.0920442
3.02 -0.0237931 -0.0923089
3.025 -0.0227649 -0.0925508
3.03 -0.0217404 -0.0927701
3.035 -0.0207198 -0.0929668
3.04 -0.019703 -0.0931411
3.045 -0.0186902 -0.0932929
3.05 -0.0176814 -0.0934225
3.055 -0.0166767 -0.0935299
3.06 -0.0156762 -0.0936153
3.065 -0.01468 -0.0936787
3.07 -0.013688 -0.0937202
3.075 -0.0127005 -0.09374
3.08 -0.0117175 -0.0937383
3.085 -0.0107389 -0.0937151
3.09 -0.00976501 -0.0936705
3.095 -0.00879575 -0.0936047
3.1 -0.00783123 -0.0935179
3.105 -0.00687152 -0.0934102
3.11 -0.00591667 -0.0932817
3.115 -0.00496675 -0.0931326
3.12 -0.00402183 -0.0929631
3.125 -0.00308196 -0.0927732
3.13 -0.00214721 -0.0925632
3.135 -0.00121764 -0.0923332
3.14 -0.000293317 -0.0920834
3.145 0.000625712 -0.0918139
3.15 0.00153938 -0.091525
3.155 0.00244764 -0.0912168
3.16 0.00335042 -0.0908895
3.165 0.00424768 -0.0905433
3.17 0.00513935 -0.0901783
3.175 0.00602538 -0.0897948
3.18 0.00690572 -0.0893929
3.185 0.00778032 -0.0889728
3.19 0.00864913 -0.0885348
3.195 0.00951209 -0.088079
3.2 0.0103691 -0.0876057
3.205 0.0112203 -0.087115
3.21 0.0120654 -0.0866071
3.215 0.0129045 -0.0860824
3.22 0.0137374 -0.0855409
3.225 0.0145643 -0.0849828
3.23 0.015385 -0.0844085
3.235 0.0161994 -0.0838182
3.24 0.0170076 -0.0832119
3.245 0.0178095 -0.0825901
3.25 0.018605 -0.0819528
3.255 0.0193941 -0.0813004
3.26 0.0201768 -0.0806331
3.265 0.020953 -0.079951
3.27 0.0217227 -0.0792545
3.275 0.0224858 -0.0785437
3.28 0.0232424 -0.077819
3.285 0.0239923 -0.0770805
3.29 0.0247356 -0.0763284
3.295 0.0254721 -0.0755631
3.3 0.026202 -0.0747848
3.305 0.026925 -0.0739937
3.31 0.0276413 -0.07319
3.315 0.0283508 -0.0723741
3.32 0.0290534 -0.0715461
3.325 0.0297491 -0.0707063
3.33 0.0304379 -0.069855
3.335 0.0311197 -0.0689924
3.34 0.0317946 -0.0681187
3.345 0.0324625 -0.0672343
3.35 0.0331233 -0.0663394
3.355 0.0337771 -0.0654342
3.36 0.0344239 -0.064519
3.365 0.0350635 -0.063594
3.37 0.035696 -0.0626596
3.375 0.0363213 -0.0617159
3.38 0.0369395 -0.0607633
3.385 0.0375505 -0.059802
3.39 0.0381543 -0.0588322
3.395 0.0387509 -0.0578542
3.4 0.0393402 -0.0568683
3.405 0.0399223 -0.0558747
3.41 0.0404971 -0.0548737
3.415 0.0410646 -0.0538656
3.42 0.0416248 -0.0528507
3.425 0.0421776 -0.0518291
3.43 0.0427232 -0.0508011
3.435 0.0432613 -0.0497671
3.44 0.0437921 -0.0487272
3.445 0.0443156 -0.0476818
3.45 0.0448316 -0.0466311
3.455 0.0453403 -0.0455753
3.46 0.0458415 -0.0445147
3.465 0.0463353 -0.0434497
3.47 0.0468217 -0.0423804
3.475 0.0473007 -0.041307
3.48 0.0477722 -0.04023
3.485 0.0482363 -0.0391495
3.49 0.048693 -0.0380657
3.495 0.0491422 -0.036979
3.5 0.0495839 -0.0358896
3.505 0.0500182 -0.0347977
3.51 0.050445 -0.0337037
3.515 0.0508643 -0.0326077
3.52 0.0512762 -0.03151
3.525 0.0516806 -0.0304109
3.53 0.0520776 -0.0293106
3.535 0.0524671 -0.0282093
3.54 0.0528491 -0.0271074
3.545 0.0532237 -0.0260051
3.55 0.0535908 -0.0249026
3.555 0.0539505 -0.0238001
3.56 0.0543027 -0.0226979
3.565 0.0546475 -0.0215963
3.57 0.0549848 -0.0204955
3.575 0.0553147 -0.0193957
3.58 0.0556372 -0.0182972
3.585 0.0559522 -0.0172002
3.59 0.0562599 -0.0161049
3.595 0.0565601 -0.0150116
3.6 0.056853 -0.0139205
3.605 0.0571385 -0.0128318
3.61 0.0574166 -0.0117458
3.615 0.0576873 -0.0106627
3.62 0.0579508 -0.00958278
3.625 0.0582068 -0.00850615
3.63 0.0584556 -0.0074331
3.635 0.058697 -0.00636383
3.64 0.0589312 -0.00529856
3.645 0.0591581 -0.00423752
3.65 0.0593777 -0.00318091
3.655 0.05959 -0.00212894
3.66 0.0597952 -0.00108183
3.665 0.0599931 -3.9792e-05
3.67 0.0601838 0.000996981
3.675 0.0603674 0.00202828
3.68 0.0605438 0.0030539
3.685 0.0607131 0.00407366
3.69 0.0608752 0.00508734
3.695 0.0610302 0.00609475
3.7 0.0611782 0.00709571
3.705 0.0613191 0.00809003
3.71 0.061453 0.00907751
3.715 0.0615799 0.010058
3.72 0.0616998 0.0110312
3.725 0.0618127 0.0119971
3.73 0.0619187 0.0129554
3.735 0.0620178 0.013906
3.74 0.06211 0.0148487
3.745 0.0621954 0.0157833
3.75 0.0622739 0.0167097
3.755 0.0623456 0.0176276
3.76 0.0624105 0.018537
3.765 0.0624686 0.0194377
3.77 0.0625201 0.0203295
3.775 0.0625648 0.0212122
3.78 0.0626029 0.0220858
3.785 0.0626343 0.02295
3.79 0.0626591 0.0238047
3.795 0.0626774 0.0246498
3.8 0.0626891 0.0254852
3.805 0.0626943 0.0263106
3.81 0.062693 0.027126
3.815 0.0626853 0.0279312
3.82 0.0626711 0.0287261
3.825 0.0626506 0.0295106
3.83 0.0626237 0.0302846
3.835 0.0625905 0.0310479
3.84 0.062551 0.0318004
3.845 0.0625053 0.032542
3.85 0.0624534 0.0332726
3.855 0.0623952 0.033992
3.86 0.062331 0.0347003
3.865 0.0622606 0.0353972
3.87 0.0621842 0.0360827
3.875 0.0621018 0.0367566
3.88 0.0620133 0.037419
3.885 0.061919 0.0380696
3.89 0.0618186 0.0387085
3.895 0.0617125 0.0393354
3.9 0.0616005 0.0399504
3.905 0.0614826 0.0405534
3.91 0.0613591 0.0411442
3.915 0.0612298 0.0417229
3.92 0.0610948 0.0422892
3.925 0.0609542 0.0428433
3.93 0.060808 0.043385
3.935 0.0606563 0.0439142
3.94 0.060499 0.0444309
3.945 0.0603363 0.044935
3.95 0.0601681 0.0454265
3.955 0.0599946 0.0459054
3.96 0.0598157 0.0463715
3.965 0.0596315 0.0468249
3.97 0.0594421 0.0472655
3.975 0.0592474 0.0476933
3.98 0.0590476 0.0481081
3.985 0.0588427 0.0485101
3.99 0.0586326 0.0488992
3.995 0.0584176 0.0492753
4 0.0581975 0.0496385
4.005 0.0579726 0.0499886
4.01 0.0577427 0.0503258
4.015 0.0575079 0.0506499
4.02 0.0572684 0.050961
4.025 0.0570241 0.051259
4.03 0.0567751 0.051544
4.035 0.0565214 0.051816
4.04 0.0562631 0.0520749
4.045 0.0560002 0.0523207
4.05 0.0557328 0.0525535
4.055 0.0554609 0.0527733
4.06 0.0551846 0.0529801
4.065 0.0549039 0.0531739
4.07 0.0546189 0.0533547
4.075 0.0543295 0.0535225
4.08 0.054036 0.0536774
4.085 0.0537382 0.0538193
4.09 0.0534364 0.0539484
4.095 0.0531304 0.0540646
4.1 0.0528204 0.054168
4.105 0.0525063 0.0542586
4.11 0.0521884 0.0543365
4.115 0.0518665 0.0544017
4.12 0.0515408 0.0544542
4.125 0.0512113 0.0544941
4.13 0.0508781 0.0545214
4.135 0.0505412 0.0545362
4.14 0.0502006 0.0545385
4.145 0.0498564 0.0545285
4.15 0.0495087 0.0545061
4.155 0.0491575 0.0544714
4.16 0.0488028 0.0544245
4.165 0.0484447 0.0543654
4.17 0.0480833 0.0542943
4.175 0.0477186 0.0542111
4.18 0.0473507 0.054116
4.185 0.0469796 0.054009
4.19 0.0466053 0.0538903
4.195 0.046228 0.0537598
4.2 0.0458476 0.0536177
4.205 0.0454642 0.0534641
4.21 0.0450779 0.053299
4.215 0.0446887 0.0531226
4.22 0.0442967 0.0529349
4.225 0.0439018 0.052736
4.23 0.0435043 0.052526
4.235 0.0431041 0.052305
4.24 0.0427012 0.0520731
4.245 0.0422958 0.0518304
4.25 0.0418878 0.051577
4.255 0.0414774 0.0513131
4.26 0.0410646 0.0510387
4.265 0.0406493 0.0507539
4.27 0.0402318 0.0504588
4.275 0.039812 0.0501536
4.28 0.03939 0.0498383
4.285 0.0389658 0.0495131
4.29 0.0385395 0.0491781
4.295 0.0381111 0.0488335
4.3 0.0376807 0.0484792
4.305 0.0372484 0.0481155
4.31 0.0368141 0.0477425
4.315 0.036378 0.0473603
4.32 0.0359401 0.046969
4.325 0.0355004 0.0465687
4.33 0.035059 0.0461597
4.335 0.034616 0.0457419
4.34 0.0341713 0.0453156
4.345 0.0337251 0.0448809
4.35 0.0332774 0.0444379
4.355 0.0328283 0.0439867
4.36 0.0323777 0.0435275
4.365 0.0319258 0.0430604
4.37 0.0314726 0.0425855
4.375 0.0310181 0.0421031
4.38 0.0305624 0.0416132
4.385 0.0301056 0.0411159
4.39 0.0296477 0.0406115
4.395 0.0291887 0.0401001
4.4 0.0287287 0.0395817
4.405 0.0282678 0.0390566
4.41 0.027806 0.0385249
4.415 0.0273433 0.0379868
4.42 0.0268798 0.0374423
4.425 0.0264155 0.0368917
4.43 0.0259506 0.0363351
4.435 0.025485 0.0357726
4.44 0.0250187 0.0352044
4.445 0.024552 0.0346307
4.45 0.0240846 0.0340515
4.455 0.0236169 0.0334671
4.46 0.0231487 0.0328776
4.465 0.0226801 0.0322831
4.47 0.0222112 0.0316839
4.475 0.0217421 0.03108
4.48 0.0212727 0.0304716
4.485 0.0208031 0.0298589
4.49 0.0203334 0.029242
4.495 0.0198636 0.028621
4.5 0.0193938 0.0279963
4.505 0.018924 0.0273678
4.51 0.0184542 0.0267357
4.515 0.0179845 0.0261003
4.52 0.017515 0.0254616
4.525 0.0170456 0.0248198
4.53 0.0165765 0.0241751
4.535 0.0161077 0.0235276
4.54 0.0156392 0.0228775
4.545 0.015171 0.0222249
4.55 0.0147033 0.0215701
4.555 0.014236 0.020913
4.56 0.0137692 0.020254
4.565 0.013303 0.0195931
4.57 0.0128374 0.0189306
4.575 0.0123723 0.0182665
4.58 0.011908 0.017601
4.585 0.0114444 0.0169343
4.59 0.0109815 0.0162666
4.595 0.0105194 0.0155979
4.6 0.0100582 0.0149285
4.605 0.00959787 0.0142584
4.61 0.00913845 0.0135879
4.615 0.00868 0.0129171
4.62 0.00822256 0.0122461
4.625 0.00776617 0.0115751
4.63 0.00731087 0.0109043
4.635 0.0068567 0.0102337
4.64 0.0064037 0.0095636
4.645 0.0059519 0.00889406
4.65 0.00550136 0.00822527
4.655 0.0050521 0.00755735
4.66 0.00460416 0.00689045
4.665 0.0041576 0.00622472
4.67 0.00371243 0.00556031
4.675 0.0032687 0.00489735
4.68 0.00282646 0.00423598
4.685 0.00238573 0.00357635
4.69 0.00194655 0.0029186
4.695 0.00150896 0.00226287
4.7 0.00107299 0.00160928
4.705 0.000638692 0.000957994
4.71 0.000206087 0.000309129
4.715 -0.000224784 -0.000337175
4.72 -0.000653887 -0.000980784
4.725 -0.00108119 -0.00162157
4.73 -0.00150665 -0.00225939
4.735 -0.00193024 -0.00289412
4.74 -0.00235192 -0.00352564
4.745 -0.00277167 -0.00415382
4.75 -0.00318944 -0.00477852
4.755 -0.0036052 -0.00539962
4.76 -0.00401893 -0.006017
4.765 -0.00443058 -0.00663055
4.77 -0.00484014 -0.00724012
4.775 -0.00524755 -0.00784561
4.78 -0.0056528 -0.0084469
4.785 -0.00605586 -0.00904387
4.79 -0.00645668 -0.00963641
4.795 -0.00685525 -0.0102244
4.8 -0.00725153 -0.0108077
4.805 -0.00764549 -0.0113863
4.81 -0.0080371 -0.0119599
4.815 -0.00842634 -0.0125286
4.82 -0.00881317 -0.0130922
4.825 -0.00919757 -0.0136505
4.83 -0.00957951 -0.0142036
4.835 -0.00995896 -0.0147512
4.84 -0.0103359 -0.0152934
4.845 -0.0107103 -0.0158299
4.85 -0.0110821 -0.0163607
4.855 -0.0114513 -0.0168857
4.86 -0.0118179 -0.0174049
4.865 -0.0121819 -0.017918
4.87 -0.0125431 -0.0184251
4.875 -0.0129017 -0.0189259
4.88 -0.0132576 -0.0194206
4.885 -0.0136107 -0.0199089
4.89 -0.013961 -0.0203907
4.895 -0.0143086 -0.0208661
4.9 -0.0146533 -0.0213348
4.905 -0.0149952 -0.0217969
4.91 -0.0153342 -0.0222523
4.915 -0.0156704 -0.0227008
4.92 -0.0160036 -0.0231425
4.925 -0.0163339 -0.0235772
4.93 -0.0166613 -0.0240048
4.935 -0.0169857 -0.0244254
4.94 -0.0173071 -0.0248387
4.945 -0.0176255 -0.0252449
4.95 -0.0179408 -0.0256437
4.955 -0.0182531 -0.0260352
4.96 -0.0185624 -0.0264193
4.965 -0.0188686 -0.026796
4.97 -0.0191716 -0.0271651
4.975 -0.0194716 -0.0275266
4.98 -0.0197684 -0.0278805
4.985 -0.020062 -0.0282267
4.99 -0.0203525 -0.0285652
4.995 -0.0206398 -0.0288959
5 -0.0209239 -0.0292188
